113.33370200000121 23.129475999998597 378052
113.33370200000121 23.128975999998598 376162
113.33420200000121 23.131475999998592 367470
113.33570200000122 23.13247599999859 367002
113.33420200000121 23.13197599999859 366332
113.33570200000122 23.13197599999859 364474
113.33570200000122 23.131475999998592 363981
113.33520200000122 23.131475999998592 363492
113.33420200000121 23.130975999998594 362754
113.33520200000122 23.13197599999859 362723
113.33520200000122 23.13247599999859 362708
113.33520200000122 23.128975999998598 362200
113.33570200000122 23.13297599999859 362036
113.33520200000122 23.130975999998594 361514
113.33520200000122 23.13297599999859 361513
113.33470200000122 23.13197599999859 361337
113.33620200000122 23.13297599999859 361023
113.33470200000122 23.13247599999859 360980
113.33620200000122 23.13247599999859 360934
113.33420200000121 23.13247599999859 360925
113.33370200000121 23.130475999998595 360748
113.33420200000121 23.130475999998595 360667
113.33370200000121 23.130975999998594 360596
113.33520200000122 23.130475999998595 360366
113.33570200000122 23.130975999998594 360094
113.33420200000121 23.129475999998597 359990
113.33420200000121 23.1284759999986 359693
113.33470200000122 23.129475999998597 359654
113.33470200000122 23.131475999998592 359514
113.33570200000122 23.130475999998595 359415
113.33470200000122 23.13297599999859 359216
113.33470200000122 23.128975999998598 359049
113.33520200000122 23.129975999998596 359035
113.33620200000122 23.131475999998592 358518
113.33370200000121 23.1284759999986 358398
113.33520200000122 23.133475999998588 357835
113.33620200000122 23.13197599999859 357804
113.33470200000122 23.130475999998595 357423
113.33520200000122 23.1284759999986 357348
113.33570200000122 23.133975999998587 357257
113.33470200000122 23.133475999998588 356889
113.33570200000122 23.133475999998588 356831
113.33620200000122 23.130975999998594 356704
113.33370200000121 23.1279759999986 356493
113.33520200000122 23.129475999998597 355840
113.33470200000122 23.130975999998594 355613
113.33570200000122 23.129975999998596 355424
113.33420200000121 23.128975999998598 355339
113.33620200000122 23.130475999998595 355148
113.33620200000122 23.133475999998588 354921
113.33470200000122 23.129975999998596 354727
113.33370200000121 23.129975999998596 354374
113.33420200000121 23.129975999998596 354228
113.33570200000122 23.128975999998598 353088
113.33470200000122 23.1284759999986 352652
113.33520200000122 23.1279759999986 351315
113.33670200000122 23.13247599999859 350868
113.33570200000122 23.129475999998597 350796
113.33420200000121 23.1279759999986 350739
113.33670200000122 23.13197599999859 350299
113.33570200000122 23.1284759999986 350149
113.33620200000122 23.133975999998587 349954
113.33520200000122 23.133975999998587 349563
113.33420200000121 23.1274759999986 349200
113.33670200000122 23.133475999998588 349130
113.33370200000121 23.13197599999859 348939
113.33370200000121 23.1274759999986 348479
113.33670200000122 23.131475999998592 348270
113.33670200000122 23.13297599999859 348052
113.33370200000121 23.131475999998592 347472
113.33420200000121 23.126975999998603 343894
113.33420200000121 23.13297599999859 343018
113.33620200000122 23.129975999998596 342708
113.33670200000122 23.133975999998587 341811
113.33370200000121 23.13247599999859 341306
113.33620200000122 23.134475999998585 341303
113.33570200000122 23.134475999998585 341133
113.33320200000121 23.129475999998597 340871
113.33470200000122 23.1279759999986 339028
113.33670200000122 23.130975999998594 338434
113.33570200000122 23.1279759999986 338433
113.33370200000121 23.126975999998603 338424
113.33470200000122 23.133975999998587 337007
113.33620200000122 23.128975999998598 336873
113.33420200000121 23.133475999998588 336722
113.33620200000122 23.1284759999986 336655
113.33470200000122 23.134475999998585 333736
113.33620200000122 23.129475999998597 332643
113.33370200000121 23.13297599999859 331442
113.33670200000122 23.130475999998595 330477
113.33670200000122 23.1279759999986 330321
113.33620200000122 23.1279759999986 329467
113.33720200000123 23.131475999998592 329390
113.33720200000123 23.13197599999859 329250
113.33720200000123 23.133975999998587 328746
113.33320200000121 23.128975999998598 328565
113.33620200000122 23.134975999998584 328193
113.33720200000123 23.133475999998588 327856
113.33320200000121 23.1284759999986 327422
113.33670200000122 23.1284759999986 327174
113.3317020000012 23.129475999998597 327137
113.33720200000123 23.13247599999859 327088
113.33720200000123 23.1274759999986 327046
113.33720200000123 23.134475999998585 326952
113.33720200000123 23.1279759999986 326870
113.33720200000123 23.13297599999859 326727
113.3322020000012 23.130475999998595 326636
113.33520200000122 23.134475999998585 326167
113.33420200000121 23.133975999998587 326088
113.33670200000122 23.134475999998585 326062
113.33570200000122 23.134975999998584 326002
113.3322020000012 23.128975999998598 325672
113.33720200000123 23.130975999998594 325404
113.33320200000121 23.130475999998595 325280
113.33620200000122 23.1274759999986 325035
113.3322020000012 23.130975999998594 324965
113.33520200000122 23.1274759999986 324491
113.33320200000121 23.129975999998596 324404
113.33320200000121 23.130975999998594 324096
113.33470200000122 23.1274759999986 324043
113.33670200000122 23.128975999998598 323938
113.33320200000121 23.1279759999986 323770
113.3327020000012 23.128975999998598 323749
113.3322020000012 23.129475999998597 323638
113.33770200000123 23.133475999998588 323430
113.33670200000122 23.1274759999986 323097
113.3327020000012 23.129475999998597 323093
113.3327020000012 23.130975999998594 322654
113.33770200000123 23.133975999998587 321782
113.33720200000123 23.129475999998597 321776
113.3322020000012 23.131475999998592 321707
113.3317020000012 23.128975999998598 321668
113.33370200000121 23.133475999998588 321654
113.33470200000122 23.134975999998584 321629
113.33720200000123 23.1284759999986 321569
113.3327020000012 23.131475999998592 320980
113.3327020000012 23.129975999998596 320890
113.33770200000123 23.13297599999859 320576
113.3322020000012 23.13197599999859 320505
113.33820200000123 23.133975999998587 320467
113.3317020000012 23.130975999998594 320234
113.3312020000012 23.129475999998597 320171
113.3317020000012 23.131475999998592 320097
113.33320200000121 23.13197599999859 319794
113.3327020000012 23.130475999998595 319610
113.33770200000123 23.129475999998597 319596
113.33770200000123 23.13247599999859 319541
113.33720200000123 23.128975999998598 319342
113.33770200000123 23.134975999998584 319292
113.3322020000012 23.1284759999986 319215
113.33770200000123 23.134475999998585 319211
113.33820200000123 23.134475999998585 319020
113.33820200000123 23.133475999998588 318934
113.33820200000123 23.135475999998583 318821
113.33720200000123 23.129975999998596 318602
113.33320200000121 23.131475999998592 318344
113.33870200000123 23.135475999998583 318288
113.33570200000122 23.1274759999986 318139
113.3312020000012 23.13197599999859 317763
113.33720200000123 23.134975999998584 317730
113.33820200000123 23.134975999998584 317620
113.33670200000122 23.129475999998597 317437
113.33770200000123 23.1279759999986 317409
113.33670200000122 23.134975999998584 317290
113.33770200000123 23.130475999998595 317196
113.33820200000123 23.13247599999859 317019
113.32520200000117 23.1274759999986 316878
113.33920200000124 23.134475999998585 316431
113.33820200000123 23.13297599999859 316415
113.33770200000123 23.129975999998596 316325
113.33770200000123 23.13197599999859 316324
113.33720200000123 23.130475999998595 316267
113.33420200000121 23.126475999998604 316036
113.33520200000122 23.134975999998584 316034
113.3317020000012 23.13197599999859 315982
113.32570200000117 23.1274759999986 315945
113.32570200000117 23.1279759999986 315905
113.33670200000122 23.129975999998596 315881
113.3317020000012 23.13247599999859 315410
113.33870200000123 23.134975999998584 315383
113.33770200000123 23.131475999998592 315141
113.3327020000012 23.1284759999986 315037
113.33870200000123 23.133475999998588 314967
113.3322020000012 23.129975999998596 314966
113.33770200000123 23.130975999998594 314903
113.33870200000123 23.134475999998585 314845
113.33770200000123 23.128975999998598 314838
113.33970200000124 23.134475999998585 314418
113.3317020000012 23.129975999998596 314224
113.33920200000124 23.134975999998584 314148
113.33820200000123 23.13197599999859 314070
113.33770200000123 23.1284759999986 314043
113.33970200000124 23.133975999998587 313978
113.33870200000123 23.133975999998587 313830
113.33920200000124 23.133975999998587 313768
113.3312020000012 23.13247599999859 313757
113.33820200000123 23.129975999998596 313521
113.33770200000123 23.135475999998583 313309
113.33870200000123 23.13297599999859 313295
113.33420200000121 23.134975999998584 313229
113.3302020000012 23.129475999998597 313060
113.33820200000123 23.128975999998598 312708
113.33920200000124 23.133475999998588 312582
113.33320200000121 23.13247599999859 312572
113.33320200000121 23.13297599999859 312313
113.32620200000117 23.1284759999986 312196
113.33820200000123 23.130475999998595 312143
113.33820200000123 23.1284759999986 311977
113.33470200000122 23.126975999998603 311653
113.3307020000012 23.129475999998597 311591
113.32620200000117 23.1279759999986 311275
113.3317020000012 23.1284759999986 311228
113.33820200000123 23.129475999998597 311152
113.3327020000012 23.1279759999986 310795
113.33870200000123 23.130975999998594 310762
113.3312020000012 23.128975999998598 310705
113.33920200000124 23.13297599999859 310675
113.33770200000123 23.1274759999986 310319
113.3312020000012 23.130975999998594 310240
113.3312020000012 23.13297599999859 310219
113.33670200000122 23.135475999998583 310163
113.33870200000123 23.129975999998596 310145
113.33920200000124 23.130975999998594 309764
113.33970200000124 23.133475999998588 309680
113.33420200000121 23.134475999998585 309600
113.33720200000123 23.126975999998603 309412
113.33820200000123 23.1279759999986 309395
113.3312020000012 23.131475999998592 309337
113.3317020000012 23.130475999998595 309171
113.33520200000122 23.126975999998603 309122
113.33320200000121 23.1274759999986 308895
113.3312020000012 23.130475999998595 308771
113.32620200000117 23.1274759999986 308767
113.33870200000123 23.130475999998595 308695
113.33870200000123 23.129475999998597 308633
113.33420200000121 23.135475999998583 308486
113.33820200000123 23.131475999998592 308363
113.33820200000123 23.130975999998594 308360
113.33920200000124 23.129975999998596 308354
113.33920200000124 23.130475999998595 308052
113.33720200000123 23.135475999998583 307918
113.33470200000122 23.135475999998583 307859
113.33970200000124 23.131475999998592 307694
113.3312020000012 23.129975999998596 307690
113.32470200000117 23.126975999998603 307608
113.33320200000121 23.133475999998588 307548
113.33870200000123 23.13247599999859 307227
113.33370200000121 23.133975999998587 307006
113.33570200000122 23.126975999998603 306731
113.3322020000012 23.1279759999986 306699
113.3307020000012 23.128975999998598 306655
113.33970200000124 23.130975999998594 306583
113.33620200000122 23.135475999998583 306481
113.33770200000123 23.126975999998603 306478
113.33920200000124 23.129475999998597 306295
113.33370200000121 23.134975999998584 305866
113.32620200000117 23.126975999998603 305809
113.33370200000121 23.134475999998585 305782
113.32570200000117 23.126975999998603 305742
113.32670200000118 23.1279759999986 305650
113.32670200000118 23.1274759999986 305542
113.33870200000123 23.128975999998598 305349
113.32970200000119 23.129475999998597 305282
113.33970200000124 23.13297599999859 305260
113.3322020000012 23.13247599999859 305013
113.33420200000121 23.135975999998582 304924
113.3307020000012 23.130975999998594 304917
113.3302020000012 23.128975999998598 304884
113.3302020000012 23.13197599999859 304823
113.33970200000124 23.130475999998595 304822
113.33970200000124 23.129975999998596 304698
113.33970200000124 23.129475999998597 304586
113.3307020000012 23.131475999998592 304509
113.33920200000124 23.128975999998598 304508
113.33870200000123 23.13197599999859 304499
113.3307020000012 23.13297599999859 304283
113.33970200000124 23.128975999998598 304113
113.33870200000123 23.1284759999986 304051
113.33770200000123 23.135975999998582 304006
113.33920200000124 23.131475999998592 303839
113.33920200000124 23.135475999998583 303783
113.32570200000117 23.126475999998604 303753
113.34020200000124 23.133975999998587 303590
113.33370200000121 23.135475999998583 303578
113.33870200000123 23.131475999998592 303573
113.32670200000118 23.125975999998605 303355
113.32570200000117 23.1284759999986 303316
113.3302020000012 23.131475999998592 303165
113.33920200000124 23.13247599999859 303106
113.32670200000118 23.1284759999986 303029
113.3307020000012 23.13197599999859 303000
113.33670200000122 23.126975999998603 302914
113.3327020000012 23.13197599999859 302869
113.3327020000012 23.1274759999986 302857
113.34020200000124 23.133475999998588 302812
113.3322020000012 23.135975999998582 302699
113.32520200000117 23.126975999998603 302679
113.34020200000124 23.130975999998594 302508
113.32670200000118 23.126975999998603 302319
113.32570200000117 23.125975999998605 302190
113.33370200000121 23.13697599999858 302121
113.34070200000124 23.130975999998594 302120
113.3327020000012 23.13647599999858 302010
113.3302020000012 23.13247599999859 301999
113.34020200000124 23.129975999998596 301995
113.32720200000118 23.125975999998605 301856
113.34020200000124 23.129475999998597 301820
113.32470200000117 23.1274759999986 301815
113.3317020000012 23.135475999998583 301745
113.34020200000124 23.131475999998592 301684
113.33620200000122 23.126975999998603 301565
113.34070200000124 23.131475999998592 301447
113.33320200000121 23.126975999998603 301404
113.33920200000124 23.13197599999859 301326
113.32520200000117 23.126475999998604 301152
113.32720200000118 23.1279759999986 301086
113.34020200000124 23.130475999998595 301075
113.34020200000124 23.134475999998585 300918
113.3317020000012 23.135975999998582 300860
113.33820200000123 23.126975999998603 300793
113.33570200000122 23.135475999998583 300659
113.34070200000124 23.13197599999859 300620
113.33970200000124 23.13197599999859 300565
113.32520200000117 23.1279759999986 300553
113.32620200000117 23.126475999998604 300519
113.33920200000124 23.1284759999986 300372
113.34070200000124 23.130475999998595 300342
113.3317020000012 23.13297599999859 300315
113.3307020000012 23.129975999998596 300299
113.34020200000124 23.13297599999859 300161
113.33970200000124 23.134975999998584 300061
113.33820200000123 23.1274759999986 299827
113.32720200000118 23.126975999998603 299730
113.32620200000117 23.125975999998605 299669
113.33320200000121 23.135975999998582 299574
113.33720200000123 23.135975999998582 299555
113.3317020000012 23.1279759999986 299536
113.33320200000121 23.13647599999858 299521
113.3327020000012 23.13697599999858 299231
113.32520200000117 23.1284759999986 299157
113.32720200000118 23.1274759999986 298889
113.32770200000118 23.1279759999986 298887
113.34070200000124 23.133475999998588 298748
113.3302020000012 23.130975999998594 298731
113.3302020000012 23.129975999998596 298691
113.3307020000012 23.13247599999859 298659
113.32670200000118 23.126475999998604 298595
113.33970200000124 23.13247599999859 298549
113.3322020000012 23.135475999998583 298519
113.3312020000012 23.1284759999986 298512
113.33820200000123 23.135975999998582 298416
113.3302020000012 23.13297599999859 298395
113.33670200000122 23.126475999998604 298390
113.33520200000122 23.135475999998583 298355
113.3327020000012 23.13247599999859 298302
113.34020200000124 23.13197599999859 298221
113.34120200000125 23.130975999998594 298017
113.32470200000117 23.1279759999986 297965
113.32970200000119 23.13197599999859 297956
113.32970200000119 23.131475999998592 297825
113.3307020000012 23.130475999998595 297748
113.32820200000118 23.126475999998604 297524
113.33470200000122 23.135975999998582 297510
113.33370200000121 23.13647599999858 297503
113.32420200000116 23.1274759999986 297373
113.34070200000124 23.13297599999859 297336
113.32970200000119 23.13297599999859 297264
113.34070200000124 23.129975999998596 297145
113.3317020000012 23.134975999998584 297033
113.34120200000125 23.131475999998592 297031
113.33870200000123 23.135975999998582 297021
113.33420200000121 23.13697599999858 297007
113.32770200000118 23.125975999998605 297004
113.3302020000012 23.130475999998595 296960
113.3302020000012 23.133475999998588 296877
113.32970200000119 23.1284759999986 296853
113.32720200000118 23.128975999998598 296824
113.3312020000012 23.133475999998588 296732
113.33370200000121 23.126475999998604 296688
113.3312020000012 23.135475999998583 296646
113.34120200000125 23.13197599999859 296569
113.32420200000116 23.126975999998603 296524
113.32770200000118 23.126975999998603 296458
113.32970200000119 23.128975999998598 296378
113.33420200000121 23.13647599999858 296355
113.32970200000119 23.13247599999859 296211
113.33620200000122 23.126475999998604 296140
113.33320200000121 23.134475999998585 296100
113.32720200000118 23.126475999998604 296087
113.32620200000117 23.125475999998606 295800
113.33870200000123 23.1279759999986 295592
113.3312020000012 23.135975999998582 295535
113.34120200000125 23.130475999998595 295465
113.33320200000121 23.135475999998583 295450
113.33320200000121 23.13697599999858 295411
113.33320200000121 23.133975999998587 295391
113.3327020000012 23.135975999998582 295285
113.33570200000122 23.126475999998604 295241
113.33370200000121 23.135975999998582 295236
113.3317020000012 23.133475999998588 295193
113.34020200000124 23.13247599999859 295178
113.33470200000122 23.126475999998604 295113
113.32770200000118 23.126475999998604 294959
113.32720200000118 23.1284759999986 294938
113.32920200000119 23.13197599999859 294935
113.32970200000119 23.129975999998596 294912
113.3322020000012 23.13297599999859 294767
113.3307020000012 23.1284759999986 294698
113.3322020000012 23.13697599999858 294659
113.3312020000012 23.134975999998584 294637
113.3327020000012 23.13297599999859 294602
113.32770200000118 23.1274759999986 294579
113.33320200000121 23.13747599999858 294238
113.32470200000117 23.1284759999986 294159
113.33320200000121 23.134975999998584 294103
113.32970200000119 23.133475999998588 294099
113.3322020000012 23.134975999998584 294044
113.32420200000116 23.1284759999986 293993
113.32770200000118 23.128975999998598 293985
113.3322020000012 23.13647599999858 293969
113.32620200000117 23.134975999998584 293955
113.3307020000012 23.133475999998588 293904
113.33470200000122 23.13647599999858 293868
113.3312020000012 23.134475999998585 293861
113.34070200000124 23.13247599999859 293841
113.33520200000122 23.126475999998604 293823
113.34020200000124 23.128975999998598 293537
113.32820200000118 23.1279759999986 293420
113.32720200000118 23.125475999998606 293381
113.32970200000119 23.133975999998587 293242
113.33720200000123 23.126475999998604 293143
113.32770200000118 23.1284759999986 293073
113.3322020000012 23.1274759999986 293037
113.3322020000012 23.134475999998585 292979
113.32370200000116 23.1284759999986 292949
113.33970200000124 23.1279759999986 292934
113.33370200000121 23.13747599999858 292620
113.33970200000124 23.1284759999986 292618
113.3327020000012 23.134475999998585 292578
113.32870200000119 23.1279759999986 292535
113.32670200000118 23.125475999998606 292438
113.32820200000118 23.1284759999986 292361
113.3327020000012 23.135475999998583 292315
113.3312020000012 23.1279759999986 292269
113.32420200000116 23.1279759999986 292259
113.33920200000124 23.1279759999986 292090
113.3322020000012 23.133475999998588 292078
113.3327020000012 23.133475999998588 292041
113.3317020000012 23.134475999998585 292032
113.32870200000119 23.1284759999986 291762
113.33870200000123 23.126975999998603 291716
113.32820200000118 23.125975999998605 291571
113.3327020000012 23.133975999998587 291533
113.32920200000119 23.13247599999859 291481
113.33970200000124 23.126975999998603 291327
113.3317020000012 23.133975999998587 291289
113.32920200000119 23.131475999998592 291128
113.33570200000122 23.135975999998582 291105
113.32820200000118 23.1274759999986 291046
113.33870200000123 23.1274759999986 290967
113.3327020000012 23.134975999998584 290966
113.32520200000117 23.125975999998605 290717
113.33920200000124 23.1274759999986 290713
113.32920200000119 23.129475999998597 290592
113.32820200000118 23.126975999998603 290338
113.3327020000012 23.13747599999858 290233
113.34020200000124 23.1284759999986 290216
113.32970200000119 23.130475999998595 290052
113.34120200000125 23.13247599999859 289860
113.32920200000119 23.128975999998598 289806
113.3312020000012 23.133975999998587 289747
113.33570200000122 23.125975999998605 289593
113.33970200000124 23.135475999998583 289510
113.33920200000124 23.126975999998603 289470
113.32570200000117 23.133975999998587 289456
113.3307020000012 23.1279759999986 289448
113.32720200000118 23.134975999998584 289354
113.32470200000117 23.126475999998604 289326
113.33870200000123 23.126475999998604 289311
113.32870200000119 23.126475999998604 289268
113.32920200000119 23.1284759999986 289236
113.32670200000118 23.133975999998587 289178
113.32970200000119 23.130975999998594 289134
113.33920200000124 23.135975999998582 288934
113.34070200000124 23.129475999998597 288929
113.3322020000012 23.133975999998587 288794
113.33970200000124 23.1274759999986 288775
113.32920200000119 23.1274759999986 288515
113.32920200000119 23.126475999998604 288219
113.33770200000123 23.125975999998605 288148
113.32520200000117 23.128975999998598 288110
113.32520200000117 23.133475999998588 288102
113.33620200000122 23.125975999998605 288099
113.34020200000124 23.135475999998583 288086
113.32770200000118 23.125475999998606 288049
113.3307020000012 23.134975999998584 287883
113.32920200000119 23.130975999998594 287825
113.34020200000124 23.1279759999986 287737
113.34170200000125 23.131475999998592 287566
113.32920200000119 23.13297599999859 287549
113.32620200000117 23.133975999998587 287478
113.32870200000119 23.126975999998603 287448
113.32570200000117 23.125475999998606 287386
113.32820200000118 23.125475999998606 287365
113.32420200000116 23.126475999998604 287352
113.33620200000122 23.135975999998582 287350
113.32970200000119 23.1279759999986 287323
113.32870200000119 23.13247599999859 287309
113.32470200000117 23.13297599999859 287294
113.33770200000123 23.13647599999858 287291
113.33470200000122 23.13697599999858 287201
113.3307020000012 23.135475999998583 287198
113.32670200000118 23.134975999998584 287057
113.32820200000118 23.128975999998598 286658
113.34120200000125 23.129975999998596 286621
113.34170200000125 23.130975999998594 286600
113.34070200000124 23.133975999998587 286470
113.34020200000124 23.135975999998582 286444
113.3317020000012 23.13647599999858 286289
113.34070200000124 23.1284759999986 286279
113.32770200000118 23.134475999998585 286246
113.32920200000119 23.1279759999986 286240
113.32770200000118 23.134975999998584 286239
113.3322020000012 23.126975999998603 286209
113.33970200000124 23.135975999998582 286189
113.33770200000123 23.126475999998604 286099
113.34120200000125 23.129475999998597 286009
113.32720200000118 23.134475999998585 285941
113.3307020000012 23.135975999998582 285807
113.32670200000118 23.134475999998585 285509
113.32570200000117 23.128975999998598 285470
113.32870200000119 23.1274759999986 285440
113.3327020000012 23.126975999998603 285401
113.3317020000012 23.126975999998603 285369
113.34020200000124 23.134975999998584 285368
113.32470200000117 23.133475999998588 285348
113.32920200000119 23.126975999998603 285341
113.3302020000012 23.134975999998584 285275
113.32470200000117 23.125975999998605 285257
113.32620200000117 23.134475999998585 285158
113.32520200000117 23.13297599999859 285143
113.34120200000125 23.13297599999859 285084
113.32870200000119 23.133475999998588 284991
113.32570200000117 23.13297599999859 284813
113.32570200000117 23.134475999998585 284804
113.32670200000118 23.124975999998608 284696
113.32620200000117 23.133475999998588 284682
113.32420200000116 23.13297599999859 284681
113.32420200000116 23.128975999998598 284549
113.34070200000124 23.128975999998598 284469
113.32870200000119 23.129475999998597 284333
113.32870200000119 23.13197599999859 284273
113.3312020000012 23.1274759999986 284243
113.32670200000118 23.130475999998595 284242
113.32870200000119 23.125975999998605 284163
113.3302020000012 23.1284759999986 284060
113.32720200000118 23.129975999998596 284055
113.32920200000119 23.133475999998588 284024
113.32520200000117 23.133975999998587 284011
113.32470200000117 23.128975999998598 283979
113.33820200000123 23.126475999998604 283967
113.3312020000012 23.13647599999858 283931
113.33670200000122 23.135975999998582 283892
113.32720200000118 23.130475999998595 283823
113.32870200000119 23.128975999998598 283808
113.32920200000119 23.133975999998587 283746
113.3307020000012 23.133975999998587 283744
113.32370200000116 23.1279759999986 283734
113.32620200000117 23.130475999998595 283625
113.3302020000012 23.133975999998587 283616
113.32620200000117 23.128975999998598 283612
113.32870200000119 23.134475999998585 283604
113.32670200000118 23.128975999998598 283568
113.32570200000117 23.133475999998588 283562
113.33670200000122 23.125975999998605 283465
113.32670200000118 23.133475999998588 283437
113.33520200000122 23.135975999998582 283342
113.33420200000121 23.125975999998605 283194
113.32370200000116 23.1274759999986 283186
113.3317020000012 23.1274759999986 283180
113.32370200000116 23.128975999998598 283065
113.32670200000118 23.129975999998596 283014
113.3307020000012 23.1274759999986 282630
113.33820200000123 23.125975999998605 282416
113.32770200000118 23.133975999998587 282253
113.32820200000118 23.13247599999859 282233
113.33720200000123 23.125975999998605 282001
113.32970200000119 23.135475999998583 281907
113.32970200000119 23.134475999998585 281849
113.32770200000118 23.135475999998583 281742
113.32870200000119 23.133975999998587 281596
113.3302020000012 23.1279759999986 281559
113.3302020000012 23.135475999998583 281556
113.32520200000117 23.129475999998597 281411
113.32820200000118 23.133475999998588 281331
113.32570200000117 23.13247599999859 281295
113.32870200000119 23.13297599999859 281193
113.32570200000117 23.130975999998594 281167
113.32570200000117 23.130475999998595 281110
113.33870200000123 23.125975999998605 281073
113.32520200000117 23.131475999998592 280957
113.34020200000124 23.1274759999986 280837
113.32970200000119 23.134975999998584 280767
113.3317020000012 23.13747599999858 280765
113.32570200000117 23.13197599999859 280672
113.32820200000118 23.134475999998585 280614
113.32620200000117 23.13247599999859 280518
113.3317020000012 23.13697599999858 280431
113.32920200000119 23.125975999998605 280425
113.34120200000125 23.133475999998588 280421
113.32670200000118 23.129475999998597 280417
113.32720200000118 23.13297599999859 280373
113.32520200000117 23.13197599999859 280370
113.32970200000119 23.1274759999986 280352
113.32920200000119 23.129975999998596 280331
113.3322020000012 23.13747599999858 280311
113.33920200000124 23.126475999998604 280210
113.32620200000117 23.124975999998608 280208
113.32770200000118 23.133475999998588 280197
113.32820200000118 23.13297599999859 280194
113.34070200000124 23.134475999998585 280188
113.34020200000124 23.126975999998603 280102
113.32670200000118 23.135475999998583 280068
113.33970200000124 23.13647599999858 280064
113.32620200000117 23.131475999998592 280022
113.32620200000117 23.130975999998594 279964
113.32570200000117 23.131475999998592 279960
113.32520200000117 23.13247599999859 279936
113.32670200000118 23.13297599999859 279928
113.32620200000117 23.13297599999859 279907
113.32720200000118 23.133475999998588 279855
113.32670200000118 23.130975999998594 279846
113.32770200000118 23.130475999998595 279811
113.34120200000125 23.128975999998598 279630
113.32720200000118 23.124975999998608 279623
113.32470200000117 23.13247599999859 279605
113.32920200000119 23.130475999998595 279604
113.34070200000124 23.134975999998584 279547
113.32820200000118 23.134975999998584 279545
113.33320200000121 23.126475999998604 279541
113.32620200000117 23.129975999998596 279535
113.3307020000012 23.134475999998585 279512
113.32720200000118 23.129475999998597 279510
113.32770200000118 23.13297599999859 279378
113.32720200000118 23.135475999998583 279349
113.3312020000012 23.13697599999858 279274
113.32820200000118 23.129475999998597 279148
113.32520200000117 23.130975999998594 279103
113.32620200000117 23.13197599999859 279057
113.34170200000125 23.13197599999859 279057
113.32670200000118 23.13197599999859 278948
113.32720200000118 23.131475999998592 278905
113.32570200000117 23.124975999998608 278886
113.34070200000124 23.1279759999986 278788
113.32670200000118 23.131475999998592 278624
113.3307020000012 23.13647599999858 278535
113.32570200000117 23.134975999998584 278506
113.32720200000118 23.133975999998587 278479
113.32570200000117 23.129475999998597 278417
113.32720200000118 23.130975999998594 278368
113.33520200000122 23.125975999998605 278243
113.33520200000122 23.13647599999858 278213
113.33770200000123 23.125475999998606 278147
113.33720200000123 23.125475999998606 278112
113.32520200000117 23.125475999998606 278025
113.32820200000118 23.13197599999859 278015
113.34070200000124 23.135475999998583 277949
113.33820200000123 23.13647599999858 277869
113.32470200000117 23.129475999998597 277858
113.32870200000119 23.130475999998595 277665
113.32770200000118 23.13247599999859 277523
113.32770200000118 23.130975999998594 277498
113.32720200000118 23.13197599999859 277477
113.32720200000118 23.13247599999859 277447
113.3302020000012 23.126975999998603 277392
113.32420200000116 23.129475999998597 277296
113.32870200000119 23.130975999998594 277117
113.32470200000117 23.13197599999859 277036
113.32770200000118 23.129975999998596 277006
113.33420200000121 23.13747599999858 276965
113.32420200000116 23.125975999998605 276836
113.32670200000118 23.13247599999859 276758
113.33820200000123 23.125475999998606 276726
113.34170200000125 23.130475999998595 276711
113.34070200000124 23.135975999998582 276579
113.32770200000118 23.135975999998582 276571
113.32820200000118 23.131475999998592 276541
113.32870200000119 23.129975999998596 276489
113.32870200000119 23.135475999998583 276480
113.32820200000118 23.135475999998583 276371
113.32770200000118 23.124975999998608 276351
113.3302020000012 23.134475999998585 276242
113.32970200000119 23.126975999998603 276165
113.32770200000118 23.131475999998592 276106
113.32820200000118 23.133975999998587 275970
113.32870200000119 23.131475999998592 275964
113.33720200000123 23.13647599999858 275962
113.33920200000124 23.13647599999858 275792
113.34120200000125 23.133975999998587 275743
113.32620200000117 23.129475999998597 275630
113.32820200000118 23.135975999998582 275558
113.32870200000119 23.125475999998606 275538
113.3302020000012 23.1274759999986 275381
113.32920200000119 23.125475999998606 275335
113.3302020000012 23.135975999998582 275144
113.32370200000116 23.126975999998603 275066
113.33870200000123 23.13647599999858 274964
113.3322020000012 23.126475999998604 274943
113.34020200000124 23.13647599999858 274881
113.32920200000119 23.124975999998608 274700
113.34170200000125 23.129975999998596 274645
113.32820200000118 23.124975999998608 274562
113.32420200000116 23.129975999998596 274521
113.32870200000119 23.134975999998584 274444
113.32820200000118 23.129975999998596 274386
113.33470200000122 23.125975999998605 274308
113.32370200000116 23.129975999998596 274239
113.32920200000119 23.135975999998582 274192
113.3312020000012 23.13747599999858 274176
113.32520200000117 23.129975999998596 274168
113.32770200000118 23.13197599999859 274159
113.32920200000119 23.134475999998585 274052
113.32970200000119 23.125975999998605 274000
113.32420200000116 23.133475999998588 273720
113.34070200000124 23.1274759999986 273715
113.32470200000117 23.129975999998596 273697
113.32370200000116 23.129475999998597 273694
113.3312020000012 23.126975999998603 273652
113.32920200000119 23.12447599999861 273603
113.32870200000119 23.135975999998582 273458
113.32320200000116 23.1284759999986 273314
113.32970200000119 23.135975999998582 273271
113.32870200000119 23.124975999998608 273268
113.32820200000118 23.130475999998595 273165
113.32570200000117 23.129975999998596 273081
113.32720200000118 23.12447599999861 272911
113.33670200000122 23.13647599999858 272718
113.34120200000125 23.1284759999986 272479
113.32970200000119 23.126475999998604 272415
113.32420200000116 23.13247599999859 272399
113.33970200000124 23.126475999998604 272379
113.32520200000117 23.134475999998585 272355
113.32920200000119 23.135475999998583 272346
113.32470200000117 23.133975999998587 272178
113.34120200000125 23.134475999998585 272036
113.32420200000116 23.13197599999859 271905
113.33670200000122 23.125475999998606 271712
113.33770200000123 23.124975999998608 271645
113.3307020000012 23.13697599999858 271497
113.33570200000122 23.13647599999858 271378
113.32770200000118 23.129475999998597 271231
113.32320200000116 23.128975999998598 271166
113.32370200000116 23.126475999998604 271029
113.3307020000012 23.126975999998603 270919
113.3312020000012 23.126475999998604 270892
113.32970200000119 23.125475999998606 270861
113.3307020000012 23.126475999998604 270726
113.3327020000012 23.126475999998604 270486
113.32920200000119 23.134975999998584 270219
113.3312020000012 23.125975999998605 269891
113.32470200000117 23.131475999998592 269886
113.34120200000125 23.1279759999986 269872
113.33520200000122 23.13697599999858 269716
113.32820200000118 23.130975999998594 269623
113.32420200000116 23.133975999998587 269454
113.34170200000125 23.129475999998597 269227
113.33570200000122 23.125475999998606 269201
113.32320200000116 23.1279759999986 269088
113.32420200000116 23.130475999998595 268918
113.33620200000122 23.13647599999858 268779
113.34170200000125 23.13297599999859 268687
113.32370200000116 23.125975999998605 268669
113.32820200000118 23.13647599999858 268609
113.32770200000118 23.12447599999861 268372
113.33370200000121 23.125975999998605 268337
113.32520200000117 23.130475999998595 268090
113.32570200000117 23.135475999998583 268003
113.34120200000125 23.134975999998584 267890
113.32520200000117 23.124975999998608 267800
113.32520200000117 23.134975999998584 267742
113.3307020000012 23.125475999998606 267741
113.32470200000117 23.125475999998606 267687
113.3317020000012 23.126475999998604 267582
113.33870200000123 23.125475999998606 267526
113.34170200000125 23.128975999998598 267507
113.33670200000122 23.124975999998608 267471
113.33620200000122 23.125475999998606 267387
113.34170200000125 23.133475999998588 267232
113.3307020000012 23.125975999998605 267148
113.33720200000123 23.124975999998608 267142
113.33920200000124 23.125975999998605 267130
113.3302020000012 23.126475999998604 266857
113.32870200000119 23.13647599999858 266779
113.32620200000117 23.135475999998583 266770
113.32420200000116 23.131475999998592 266761
113.32420200000116 23.130975999998594 266755
113.34170200000125 23.13247599999859 266703
113.34120200000125 23.135475999998583 266686
113.32820200000118 23.12447599999861 266562
113.3302020000012 23.13647599999858 266522
113.32370200000116 23.130475999998595 266450
113.32920200000119 23.13647599999858 266446
113.3317020000012 23.125975999998605 266268
113.3302020000012 23.125975999998605 266236
113.32470200000117 23.130975999998594 266235
113.34120200000125 23.1274759999986 266201
113.3312020000012 23.125475999998606 265503
113.32870200000119 23.12447599999861 265327
113.3307020000012 23.124975999998608 265221
113.32670200000118 23.12447599999861 265140
113.32470200000117 23.130475999998595 265008
113.32370200000116 23.13297599999859 264922
113.33470200000122 23.13747599999858 264771
113.32720200000118 23.135975999998582 264648
113.3302020000012 23.125475999998606 264631
113.32420200000116 23.125475999998606 264606
113.32970200000119 23.12447599999861 264417
113.34070200000124 23.126975999998603 264323
113.32320200000116 23.129475999998597 264317
113.32370200000116 23.130975999998594 264190
113.32320200000116 23.1274759999986 263978
113.32820200000118 23.12397599999861 263767
113.32470200000117 23.134475999998585 263758
113.33920200000124 23.13697599999858 263654
113.33620200000122 23.124975999998608 263581
113.34170200000125 23.133975999998587 263520
113.33870200000123 23.13697599999858 263461
113.32970200000119 23.13647599999858 263407
113.3317020000012 23.125475999998606 263303
113.3312020000012 23.124975999998608 263168
113.3322020000012 23.125975999998605 262976
113.3302020000012 23.124975999998608 262956
113.32320200000116 23.126475999998604 262885
113.32370200000116 23.131475999998592 262676
113.33520200000122 23.125475999998606 262173
113.3302020000012 23.12447599999861 261824
113.32320200000116 23.126975999998603 261681
113.32970200000119 23.124975999998608 261375
113.33570200000122 23.124975999998608 261145
113.33620200000122 23.12447599999861 260766
113.34070200000124 23.13647599999858 260429
113.34170200000125 23.1284759999986 260207
113.32370200000116 23.13247599999859 260036
113.3327020000012 23.125975999998605 259810
113.32320200000116 23.130975999998594 259676
113.32320200000116 23.130475999998595 259506
113.32370200000116 23.133475999998588 259471
113.33320200000121 23.137975999998577 259410
113.3307020000012 23.12447599999861 259385
113.32770200000118 23.13647599999858 259204
113.33570200000122 23.13697599999858 259168
113.33320200000121 23.125975999998605 259009
113.33970200000124 23.13697599999858 258875
113.32370200000116 23.13197599999859 258779
113.3302020000012 23.13697599999858 258757
113.32320200000116 23.129975999998596 258717
113.3327020000012 23.137975999998577 258624
113.33670200000122 23.12447599999861 258340
113.32320200000116 23.13297599999859 258287
113.34120200000125 23.135975999998582 257911
113.33720200000123 23.12447599999861 257807
113.34220200000125 23.13197599999859 257636
113.32470200000117 23.124975999998608 257494
113.32870200000119 23.12397599999861 257462
113.33470200000122 23.125475999998606 257354
113.32370200000116 23.125475999998606 257303
113.34170200000125 23.134475999998585 257089
113.32620200000117 23.12447599999861 256975
113.34170200000125 23.1274759999986 256929
113.34020200000124 23.13697599999858 256839
113.3317020000012 23.124975999998608 256628
113.33370200000121 23.137975999998577 256606
113.32670200000118 23.135975999998582 256538
113.32420200000116 23.134475999998585 256501
113.34220200000125 23.129975999998596 256491
113.32770200000118 23.12397599999861 256472
113.3322020000012 23.137975999998577 256166
113.32570200000117 23.12447599999861 256089
113.33920200000124 23.125475999998606 255926
113.32520200000117 23.12447599999861 255881
113.32320200000116 23.13197599999859 255871
113.32720200000118 23.13647599999858 255685
113.32320200000116 23.133475999998588 255328
113.3307020000012 23.12397599999861 255264
113.27020200000091 23.094975999998677 255080
113.3307020000012 23.13747599999858 254985
113.33720200000123 23.13697599999858 254676
113.33670200000122 23.13697599999858 254516
113.32470200000117 23.134975999998584 254486
113.32470200000117 23.12447599999861 254243
113.33520200000122 23.124975999998608 254171
113.32370200000116 23.133975999998587 254122
113.33820200000123 23.124975999998608 253813
113.27020200000091 23.09447599999868 253574
113.27070200000091 23.09447599999868 253549
113.27070200000091 23.094975999998677 253535
113.27320200000092 23.09397599999868 253466
113.32420200000116 23.134975999998584 253405
113.33620200000122 23.13697599999858 253340
113.3322020000012 23.125475999998606 253322
113.32520200000117 23.135475999998583 253299
113.34170200000125 23.1279759999986 253295
113.27320200000092 23.09347599999868 253273
113.34220200000125 23.130975999998594 253169
113.3312020000012 23.12447599999861 253152
113.32620200000117 23.135975999998582 253038
113.32320200000116 23.13247599999859 252961
113.34220200000125 23.131475999998592 252903
113.34120200000125 23.126975999998603 252614
113.32720200000118 23.12397599999861 252575
113.32970200000119 23.13697599999858 252532
113.33970200000124 23.125975999998605 252531
113.27270200000092 23.09347599999868 252469
113.32070200000115 23.126475999998604 252409
113.3317020000012 23.137975999998577 252242
113.33770200000123 23.12447599999861 252240
113.32370200000116 23.134475999998585 251936
113.33820200000123 23.13697599999858 251914
113.27120200000091 23.094975999998677 251618
113.27120200000091 23.09447599999868 251346
113.2697020000009 23.09447599999868 251319
113.34170200000125 23.135475999998583 251225
113.34170200000125 23.134975999998584 251193
113.32420200000116 23.124975999998608 251092
113.32820200000118 23.13697599999858 250973
113.27220200000092 23.092975999998682 250969
113.3302020000012 23.12397599999861 250908
113.34220200000125 23.133975999998587 250807
113.34220200000125 23.129475999998597 250562
113.33870200000123 23.124975999998608 250531
113.27270200000092 23.092975999998682 250428
113.27370200000092 23.09397599999868 250151
113.32370200000116 23.134975999998584 250126
113.32920200000119 23.13697599999858 250112
113.32920200000119 23.12397599999861 249924
113.32270200000116 23.1284759999986 249903
113.33420200000121 23.137975999998577 249897
113.33520200000122 23.13747599999858 249748
113.33770200000123 23.13697599999858 249427
113.34220200000125 23.133475999998588 249407
113.32970200000119 23.12397599999861 249375
113.34020200000124 23.126475999998604 249306
113.32120200000115 23.126475999998604 248953
113.27220200000092 23.09397599999868 248810
113.32470200000117 23.135975999998582 248666
113.27320200000092 23.092975999998682 248419
113.33820200000123 23.12447599999861 248342
113.32420200000116 23.12447599999861 248217
113.2697020000009 23.094975999998677 247925
113.32320200000116 23.131475999998592 247756
113.32520200000117 23.135975999998582 247628
113.27420200000093 23.09397599999868 247505
113.34220200000125 23.13247599999859 247492
113.32470200000117 23.135475999998583 247296
113.27020200000091 23.095475999998676 247071
113.34220200000125 23.130475999998595 246892
113.27120200000091 23.095475999998676 246859
113.27370200000092 23.09347599999868 246828
113.34220200000125 23.1284759999986 246820
113.27070200000091 23.095975999998675 246813
113.32770200000118 23.13697599999858 246749
113.27020200000091 23.095975999998675 246740
113.27170200000091 23.09447599999868 246566
113.27170200000091 23.094975999998677 246553
113.32170200000115 23.126475999998604 246370
113.27070200000091 23.095475999998676 246198
113.3327020000012 23.125475999998606 246117
113.27070200000091 23.096475999998674 246087
113.34220200000125 23.13297599999859 246039
113.34220200000125 23.1274759999986 245874
113.27420200000093 23.09347599999868 245817
113.27220200000092 23.09447599999868 245671
113.27170200000091 23.092475999998683 245645
113.27170200000091 23.095475999998676 245503
113.3317020000012 23.12447599999861 245385
113.27620200000094 23.08897599999869 245357
113.2692020000009 23.09397599999868 245258
113.27220200000092 23.092475999998683 245252
113.34220200000125 23.1279759999986 245168
113.32570200000117 23.135975999998582 244957
113.32120200000115 23.125975999998605 244948
113.32370200000116 23.124975999998608 244941
113.27620200000094 23.088475999998693 244925
113.27170200000091 23.091975999998684 244919
113.32270200000116 23.126475999998604 244917
113.32270200000116 23.128975999998598 244888
113.27170200000091 23.091475999998686 244874
113.27170200000091 23.09347599999868 244844
113.3322020000012 23.124975999998608 244819
113.27220200000092 23.094975999998677 244788
113.27420200000093 23.092975999998682 244714
113.34220200000125 23.128975999998598 244570
113.32320200000116 23.125975999998605 244528
113.34070200000124 23.13697599999858 244462
113.32020200000115 23.126975999998603 244378
113.27120200000091 23.091475999998686 244332
113.34220200000125 23.134475999998585 244305
113.32420200000116 23.135475999998583 244271
113.33820200000123 23.13747599999858 244265
113.27370200000092 23.092975999998682 244198
